Samples	Chr1_1963154	Chr1_2941320	Chr1_3733167	Chr1_4446791	Chr1_5589651	Chr1_6234332	Chr1_7193713	Chr1_8351543	Chr1_8353076	Chr1_8558256
Z001E0001	0.037	0.028	0	0	0	0	0	0	0	0
Z001E0002	1	1	1	1	1	1	1	1	1	1
Z001E0003	0	0	0	0	0	0.305085	0.62712	1	1	1
Z001E0004	0	0	0	0	0	0	0	0	0	0
Z001E0005	0	0	0	0	0	0	0	0	0	0
Z001E0006	1	1	1	1	1	1	1	1	1	1
Z001E0007	1	1	1	1	1	0.694915	0.37288	0	0	0
Z001E0008	0	0	0	0	0	0	0	0	0	0
Z001E0009	1	1	1	1	1	1	1	1	1	1
Z001E0010	0	0	0	0	0	0	0	0	0	0
Z001E0012	1	1	1	1	1	1	1	1	1	1
Z001E0013	0	0	0	0	0	0	0	0	0	0
Z001E0014	1	1	1	1	1	1	1	1	1	1
Z001E0015	0.5	1	1	1	1	1	1	1	1	1
Z001E0016	1	1	1	1	1	1	1	1	1	1
Z001E0017	0	0	0	0	0	0	0	0	0	0
Z001E0018	0	0	0	0	0.5	0.5	0.5	0.5	0.5	0.5
Z001E0019	0.009	0	0	0	0	0	0	0	0	0
Z001E0020	0.051	0.042	0.014	0	0	0	0	0	0	0
Z001E0021	1	1	1	1	1	1	1	1	1	1
Z001E0022	0	0	0	0	0	0	0	0	0	0
Z001E0023	1	1	1	1	1	0.84746	0.68644	0.5	0.5	0.5
Z001E0024	1	0	0	0	0	0.305085	0.62712	1	1	1
Z001E0025	1	1	1	1	0	0.305085	0.62712	1	1	1
Z001E0027	0	0	1	1	1	1	1	1	1	1
Z001E0028	0	0	0	0	0	0	0	0	0	0
Z001E0030	1	1	1	1	1	1	1	1	1	1
Z001E0031	1	1	1	1	1	1	1	1	1	1
Z001E0032	1	1	1	1	1	1	1	1	1	1
Z001E0033	1	1	1	1	1	1	1	1	1	1
Z001E0034	1	1	1	1	0.81301	0.739835	0.6626	0.57317	0.57317	0.54878
Z001E0036	0	0	0	0	0	0	0	0	0	0
Z001E0037	0.5	0.5	0.5	0.5	0.5	0.5	0.5	0.5	0.5	0.5
Z001E0038	1	1	1	0	0.438095	0.609525	0.790475	1	1	0.666665
Z001E0039	1	1	1	1	0	0.116885	0.24026	0.383115	0.383115	0.42208
Z001E0040	0.5	0.5	0.5	0.5	0.5	0.34746	0.18644	0	0	0
Z001E0041	1	1	1	1	1	1	1	1	1	1
Z001E0042	1	1	1	1	1	0.694915	0.37288	0	0	0
Z001E0043	0	0	0.5	0.5	0.5	0.5	0.5	0.5	0.5	0.5
Z001E0044	1	1	1	1	1	1	1	1	1	1
Z001E0045	1	1	1	1	1	1	1	1	1	1
Z001E0046	0	0	0	0	0	0	0	0	0	0
Z001E0047	1	1	1	1	1	0.694915	0.37288	0	0	0
Z001E0048	0.5	0.5	0.40476	0.357145	0.20068	0.139455	0.07483	0	0	0
Z001E0049	0.5	0.5	1	1	1	0.694915	0.37288	0	0	0
Z001E0050	1	1	1	1	1	1	1	1	1	1
Z001E0051	1	1	1	1	1	1	1	1	1	1
Z001E0052	0	0	0	0	0	0	0	0	0	0
Z001E0053	0.5	0.5	0.5	0.5	0.5	0.5	0.5	0.5	0.5	0.666665
Z001E0054	0	0	0	0	0	0	0	0	0	0
Z001E0055	0	0	0	0	0	0	0	0	0	0
Z001E0056	0.991	1	0	0	0	0	0	0	0	0
Z001E0057	1	1	1	1	1	1	1	1	1	1
Z001E0058	1	1	1	1	0	0	0	0	0	0
Z001E0059	1	1	1	1	1	1	1	1	1	1
Z001E0060	0	0	0	0	1	1	1	1	1	1
Z001E0061	0	0	0	0	0	0	0	0	0	0
Z001E0062	1	1	1	1	1	1	1	1	1	1
Z001E0063	1	1	1	1	0	0.305085	0.62712	1	1	1
Z001E0064	1	1	1	1	1	1	1	1	1	1
Z001E0065	0.5	0.5	0.5	0.558825	0.7521	0.82773	0.907565	1	1	1
Z001E0067	0	0	0	0	0	0	0	0	0	0
Z001E0068	0.5	0.5	0.5	0.5	0.5	0.5	0.5	0.5	0.5	0.433335
Z001E0069	1	1	1	1	1	1	1	1	1	1
Z001E0070	0	0	0	0	0	0.305085	0.62712	1	1	1
Z001E0071	1	1	1	1	1	1	1	1	1	1
Z001E0072	1	1	1	1	1	1	1	1	1	1
Z001E0073	1	1	1	1	1	0.694915	0.37288	0	0	0
Z001E0074	0	0.05769	0.23718	0.326925	0.621795	0.73718	0.858975	1	1	1
Z001E0075	1	1	1	1	1	1	1	1	1	1
Z001E0077	0	0	0	0	0	0	0	0	0	0
Z001E0078	1	1	1	1	1	0.694915	0.37288	0	0	0
Z001E0079	1	1	1	1	1	1	1	1	1	1
Z001E0080	1	1	1	1	1	1	1	1	1	1
Z001E0081	1	1	1	1	1	1	1	1	1	1
Z001E0082	0	0	0	0	1	1	1	1	1	1
Z001E0083	0.5	0.5	0.5	0.5	0.5	0.34746	0.18644	0	0	0
Z001E0085	0.963	0.972	1	1	0	0	0	0	0	0
Z001E0086	1	1	1	0	0	0	0	0	0	0
Z001E0087	1	1	1	1	1	1	1	1	1	1
Z001E0088	1	0.5	0.5	0.5	0.28095	0.19524	0.10476	0	0	0.333335
Z001E0089	0	0	0	0	1	0.84746	0.68644	0.5	0.5	0.5
Z001E0090	1	1	1	1	1	1	1	1	1	1
Z001E0091	0.5	0.5	0.5	0.5	1	1	1	1	1	1
Z001E0092	1	0.756755	0	0	0	0	0	0	0	0
Z001E0093	1	1	1	1	0.5	0.5	0.5	0.5	0.5	0.5
Z001E0094	0	0	0	0	0	0	0	0	0	0
Z001E0095	0	0	0	0	0	0	0	0	0	0
Z001E0096	0	0	0	0	0	0	0	0	0	0
Z001E0097	1	1	0	0	0.438095	0.609525	0.790475	1	1	1
Z001E0098	0	0	0	0	0	0.305085	0.62712	1	1	1
Z001E0099	1	1	1	1	0	0	0	0	0	0
Z001E0100	0	1	1	1	1	1	1	1	1	1
